#
0.11289031224979984,227.0,540.0,3747.0
16
0.0,0.6700512351842585,0.014629231993903412,-0.0
214.74761319657935,0.5921918686454286,0.009568255349452359,-5.19635265234009
543.0825644340171,0.37380049001522686,0.011690293474730433,-0.06560925206327362
811.8177044354733,0.40111953655263477,0.012107651319837015,-0.40442773980583446
1071.2893864819036,0.17963444633883674,0.017930606035605545,-0.3593120175938225
1246.4977786216564,0.12255069986298522,0.015786721534213368,-3.9701500561666663
1445.5,0.22527214591313555,0.01203675346202986,-4.832756515004988
1706.5,0.254643243044953,0.007818577708257545,-3.9176248983721216
2108.3112719237693,0.24297640451602392,0.01249310670258561,-1.2066164536892892
2359.7773586529893,0.45881793322060804,0.015496999411191413,-2.0119491481004843
2562.5,0.41900064851238583,0.012928364829587626,-1.713008339920357
2805.5,0.21806754092685648,0.014268273010007052,-5.472120740087064
3025.68030152538,0.2549290349392567,0.01699814835495582,-1.1654801825591719
3210.5,0.16949870754163626,0.015392795341352529,-2.294679639565402
3414.595005742716,0.24527724598142953,0.012485941756934035,-4.935322522143871
3666.205394029616,0.11030551798397964,0.03888369298739287,-1.1839355586306155
16
0.0,1.1161835125973196,0.011085227800070034,-3.141592653589793
283.40352677009895,0.9127289784094603,0.008308971059033264,-2.354791701960711
661.5,0.4313626855468744,0.013962634015954637,-6.0946897479642
886.5,0.5513534820701296,0.014149841025980273,-6.260648762351925
1108.52317664358,0.502081697392678,0.014915592151383831,-0.8263163252230861
1319.1479122695353,0.47524810300457754,0.014295193253981545,-0.007918414940540686
1538.9135773972023,0.554645314194806,0.016144973588432806,-2.8545704868299246
1733.5,0.8937940068114307,0.010957734567293514,-0.1456769508645479
2020.2009265735248,0.9329138284938798,0.011305206416307783,-0.8476399022013901
2298.0899396443556,0.5214453903668066,0.01323276970185523,-5.277353696745799
2535.5,0.35110872601500676,0.010341415054974755,-4.2295092967599395
2839.2875026666225,0.48475753300219376,0.015420024632411636,-6.082771386540323
3043.0221093537234,0.49442612544847886,0.019027959724393726,-4.495427026195806
3208.126129915754,0.5018455101474693,0.01722611168002611,-4.998056540102041
3390.5,0.5122309691384898,0.0162726280873169,-1.7652704190214692
3583.5599431592977,0.516735453591339,0.01922168111243233,-6.050193402898287
