#
0.0,227.0,540.0
9.0,232.0,535.0
18.0,238.0,529.0
27.0,243.0,523.0
36.0,249.0,516.0
45.0,255.0,510.0
54.0,262.0,502.0
63.0,268.0,494.0
72.0,275.0,487.0
81.0,282.0,478.0
90.0,288.0,470.0
99.0,294.0,460.0
108.0,301.0,450.0
117.0,308.0,440.0
126.0,315.0,430.0
135.0,321.0,419.0
144.0,327.0,409.0
153.0,333.0,398.0
162.0,338.0,388.0
171.0,343.0,378.0
180.0,347.0,369.0
189.0,351.0,360.0
198.0,353.0,352.0
207.0,356.0,344.0
216.0,357.0,338.0
225.0,357.0,332.0
234.0,358.0,327.0
243.0,357.0,323.0
252.0,356.0,320.0
261.0,355.0,317.0
270.0,353.0,315.0
279.0,350.0,314.0
288.0,348.0,313.0
297.0,344.0,314.0
306.0,341.0,315.0
315.0,337.0,317.0
324.0,334.0,320.0
333.0,330.0,323.0
342.0,325.0,328.0
351.0,320.0,334.0
360.0,315.0,341.0
369.0,310.0,348.0
378.0,305.0,355.0
387.0,301.0,363.0
396.0,297.0,370.0
405.0,293.0,378.0
414.0,289.0,386.0
423.0,286.0,394.0
432.0,282.0,402.0
441.0,280.0,411.0
450.0,277.0,420.0
459.0,274.0,428.0
468.0,271.0,437.0
477.0,269.0,447.0
486.0,266.0,456.0
495.0,265.0,465.0
504.0,263.0,473.0
513.0,262.0,481.0
522.0,262.0,488.0
531.0,262.0,495.0
540.0,262.0,502.0
549.0,263.0,507.0
558.0,265.0,512.0
567.0,267.0,516.0
576.0,269.0,520.0
585.0,272.0,524.0
594.0,275.0,527.0
603.0,278.0,530.0
612.0,281.0,532.0
621.0,285.0,535.0
630.0,288.0,537.0
639.0,292.0,539.0
648.0,296.0,540.0
657.0,301.0,541.0
666.0,305.0,541.0
675.0,310.0,541.0
684.0,314.0,540.0
693.0,319.0,539.0
702.0,324.0,537.0
711.0,328.0,534.0
720.0,332.0,532.0
729.0,336.0,529.0
738.0,340.0,526.0
747.0,344.0,522.0
756.0,347.0,519.0
765.0,350.0,515.0
774.0,353.0,511.0
783.0,355.0,507.0
792.0,358.0,503.0
801.0,360.0,499.0
810.0,361.0,495.0
819.0,362.0,492.0
828.0,363.0,488.0
837.0,363.0,485.0
846.0,363.0,483.0
855.0,363.0,480.0
864.0,362.0,479.0
873.0,360.0,478.0
882.0,358.0,477.0
891.0,356.0,477.0
900.0,354.0,477.0
909.0,352.0,477.0
918.0,350.0,478.0
927.0,347.0,480.0
936.0,344.0,482.0
946.0,342.0,484.0
955.0,339.0,488.0
964.0,336.0,491.0
973.0,334.0,495.0
982.0,331.0,500.0
991.0,329.0,505.0
1000.0,327.0,510.0
1009.0,325.0,515.0
1018.0,323.0,521.0
1027.0,322.0,526.0
1036.0,321.0,530.0
1045.0,321.0,535.0
1054.0,321.0,540.0
1063.0,321.0,544.0
1072.0,322.0,547.0
1081.0,324.0,550.0
1090.0,325.0,551.0
1099.0,327.0,553.0
1108.0,329.0,553.0
1117.0,332.0,553.0
1126.0,334.0,552.0
1135.0,337.0,551.0
1144.0,339.0,549.0
1153.0,342.0,546.0
1162.0,344.0,544.0
1171.0,346.0,540.0
1180.0,349.0,537.0
1189.0,351.0,533.0
1198.0,353.0,528.0
1207.0,354.0,524.0
1216.0,356.0,519.0
1225.0,358.0,514.0
1234.0,359.0,510.0
1243.0,360.0,505.0
1252.0,361.0,501.0
1261.0,362.0,497.0
1270.0,363.0,493.0
1279.0,364.0,490.0
1288.0,364.0,488.0
1297.0,364.0,486.0
1306.0,364.0,485.0
1315.0,364.0,485.0
1324.0,364.0,485.0
1333.0,364.0,485.0
1342.0,364.0,485.0
1351.0,364.0,487.0
1360.0,364.0,488.0
1369.0,365.0,491.0
1378.0,365.0,493.0
1387.0,365.0,497.0
1396.0,365.0,500.0
1405.0,366.0,504.0
1414.0,366.0,508.0
1423.0,367.0,512.0
1432.0,367.0,516.0
1441.0,368.0,521.0
1450.0,369.0,525.0
1459.0,370.0,529.0
1468.0,371.0,533.0
1477.0,373.0,537.0
1486.0,374.0,541.0
1495.0,375.0,545.0
1504.0,377.0,548.0
1513.0,379.0,550.0
1522.0,381.0,552.0
1531.0,383.0,554.0
1540.0,385.0,554.0
1549.0,388.0,554.0
1558.0,391.0,554.0
1567.0,394.0,552.0
1576.0,397.0,549.0
1585.0,400.0,546.0
1594.0,403.0,542.0
1603.0,406.0,537.0
1612.0,410.0,532.0
1621.0,413.0,527.0
1630.0,416.0,522.0
1639.0,419.0,517.0
1648.0,422.0,512.0
1657.0,424.0,507.0
1666.0,426.0,502.0
1675.0,428.0,498.0
1684.0,430.0,494.0
1693.0,432.0,491.0
1702.0,433.0,488.0
1711.0,434.0,485.0
1720.0,435.0,484.0
1729.0,436.0,483.0
1738.0,436.0,483.0
1747.0,437.0,483.0
1756.0,437.0,484.0
1765.0,437.0,485.0
1774.0,437.0,487.0
1783.0,437.0,490.0
1792.0,436.0,494.0
1801.0,436.0,499.0
1810.0,435.0,504.0
1819.0,434.0,509.0
1828.0,433.0,515.0
1837.0,433.0,521.0
1846.0,432.0,528.0
1855.0,431.0,535.0
1864.0,430.0,543.0
1873.0,429.0,551.0
1882.0,428.0,559.0
1891.0,427.0,567.0
1900.0,426.0,575.0
1909.0,425.0,583.0
1918.0,424.0,592.0
1927.0,422.0,600.0
1936.0,421.0,609.0
1945.0,419.0,617.0
1954.0,418.0,624.0
1963.0,416.0,630.0
1972.0,415.0,636.0
1981.0,414.0,641.0
1990.0,413.0,644.0
1999.0,412.0,647.0
2008.0,411.0,649.0
2017.0,411.0,650.0
2026.0,411.0,650.0
2035.0,411.0,650.0
2044.0,410.0,649.0
2053.0,410.0,646.0
2062.0,410.0,643.0
2071.0,410.0,639.0
2080.0,410.0,634.0
2089.0,410.0,628.0
2098.0,411.0,621.0
2107.0,411.0,613.0
2116.0,413.0,605.0
2125.0,414.0,596.0
2134.0,415.0,587.0
2143.0,417.0,578.0
2152.0,419.0,569.0
2161.0,422.0,560.0
2170.0,424.0,551.0
2179.0,426.0,543.0
2188.0,428.0,534.0
2197.0,431.0,527.0
2206.0,433.0,519.0
2215.0,435.0,513.0
2225.0,438.0,506.0
2234.0,440.0,501.0
2243.0,443.0,496.0
2252.0,446.0,491.0
2261.0,449.0,488.0
2270.0,452.0,485.0
2279.0,455.0,483.0
2288.0,458.0,481.0
2297.0,462.0,481.0
2306.0,465.0,481.0
2315.0,469.0,481.0
2324.0,472.0,483.0
2333.0,475.0,485.0
2342.0,477.0,488.0
2351.0,479.0,492.0
2360.0,481.0,496.0
2369.0,482.0,501.0
2378.0,482.0,506.0
2387.0,482.0,511.0
2396.0,482.0,516.0
2405.0,481.0,521.0
2414.0,479.0,526.0
2423.0,477.0,531.0
2432.0,475.0,536.0
2441.0,472.0,541.0
2450.0,469.0,544.0
2459.0,465.0,547.0
2468.0,462.0,550.0
2477.0,459.0,552.0
2486.0,455.0,554.0
2495.0,453.0,555.0
2504.0,450.0,556.0
2513.0,447.0,556.0
2522.0,445.0,557.0
2531.0,443.0,557.0
2540.0,442.0,557.0
2549.0,442.0,557.0
2558.0,442.0,557.0
2567.0,443.0,556.0
2576.0,444.0,556.0
2585.0,446.0,556.0
2594.0,449.0,555.0
2603.0,452.0,555.0
2612.0,455.0,554.0
2621.0,459.0,553.0
2630.0,464.0,552.0
2639.0,468.0,551.0
2648.0,473.0,549.0
2657.0,478.0,548.0
2666.0,483.0,546.0
2675.0,489.0,544.0
2684.0,494.0,542.0
2693.0,499.0,539.0
2702.0,503.0,537.0
2711.0,507.0,534.0
2720.0,511.0,530.0
2729.0,515.0,527.0
2738.0,519.0,524.0
2747.0,522.0,520.0
2756.0,525.0,517.0
2765.0,528.0,513.0
2774.0,530.0,509.0
2783.0,532.0,506.0
2792.0,534.0,503.0
2801.0,535.0,500.0
2810.0,537.0,498.0
2819.0,537.0,496.0
2828.0,538.0,495.0
2837.0,538.0,495.0
2846.0,538.0,495.0
2855.0,538.0,495.0
2864.0,538.0,496.0
2873.0,538.0,497.0
2882.0,537.0,499.0
2891.0,536.0,502.0
2900.0,535.0,505.0
2909.0,534.0,508.0
2918.0,533.0,512.0
2927.0,532.0,516.0
2936.0,531.0,520.0
2945.0,530.0,525.0
2954.0,529.0,529.0
2963.0,529.0,534.0
2972.0,528.0,539.0
2981.0,528.0,543.0
2990.0,528.0,547.0
2999.0,528.0,551.0
3008.0,528.0,554.0
3017.0,529.0,556.0
3026.0,529.0,558.0
3035.0,531.0,559.0
3044.0,532.0,560.0
3053.0,533.0,560.0
3062.0,535.0,559.0
3071.0,537.0,557.0
3080.0,540.0,555.0
3089.0,542.0,552.0
3098.0,545.0,548.0
3107.0,548.0,544.0
3116.0,551.0,539.0
3125.0,555.0,535.0
3134.0,558.0,530.0
3143.0,561.0,525.0
3152.0,565.0,521.0
3161.0,568.0,517.0
3170.0,571.0,514.0
3179.0,573.0,511.0
3188.0,576.0,509.0
3197.0,577.0,507.0
3206.0,579.0,507.0
3215.0,579.0,507.0
3224.0,580.0,507.0
3233.0,580.0,509.0
3242.0,581.0,511.0
3251.0,581.0,514.0
3260.0,581.0,517.0
3269.0,581.0,520.0
3278.0,581.0,524.0
3287.0,580.0,528.0
3296.0,580.0,533.0
3305.0,580.0,538.0
3314.0,579.0,543.0
3323.0,579.0,547.0
3332.0,578.0,552.0
3341.0,578.0,556.0
3350.0,578.0,560.0
3359.0,578.0,563.0
3368.0,578.0,565.0
3377.0,578.0,567.0
3386.0,578.0,568.0
3395.0,579.0,568.0
3404.0,580.0,568.0
3413.0,581.0,567.0
3422.0,581.0,565.0
3431.0,582.0,562.0
3440.0,584.0,559.0
3449.0,585.0,555.0
3458.0,587.0,551.0
3467.0,589.0,547.0
3476.0,591.0,542.0
3485.0,593.0,537.0
3494.0,596.0,532.0
3503.0,599.0,528.0
3513.0,602.0,523.0
3522.0,605.0,519.0
3531.0,609.0,515.0
3540.0,612.0,511.0
3549.0,616.0,508.0
3558.0,620.0,506.0
3567.0,623.0,504.0
3576.0,626.0,503.0
3585.0,629.0,503.0
3594.0,632.0,503.0
3603.0,634.0,504.0
3612.0,636.0,505.0
3621.0,638.0,508.0
3630.0,640.0,510.0
3639.0,642.0,513.0
3648.0,643.0,516.0
3657.0,645.0,520.0
3666.0,646.0,524.0
3675.0,647.0,528.0
3684.0,647.0,532.0
3693.0,648.0,537.0
3702.0,648.0,541.0
3711.0,649.0,546.0
3720.0,649.0,550.0
3729.0,649.0,555.0
3738.0,650.0,559.0
3747.0,650.0,562.0
