#
0.0,226.0,282.0
9.0,226.0,282.0
18.0,226.0,282.0
27.0,226.0,282.0
36.0,225.0,282.0
45.0,225.0,281.0
54.0,225.0,281.0
63.0,225.0,281.0
72.0,225.0,281.0
81.0,225.0,281.0
90.0,225.0,281.0
99.0,225.0,281.0
108.0,225.0,282.0
117.0,225.0,282.0
126.0,224.0,282.0
135.0,224.0,283.0
144.0,223.0,284.0
153.0,223.0,284.0
162.0,223.0,285.0
171.0,222.0,287.0
180.0,222.0,288.0
189.0,222.0,290.0
198.0,222.0,291.0
207.0,223.0,293.0
216.0,224.0,295.0
225.0,226.0,296.0
234.0,228.0,298.0
243.0,231.0,299.0
252.0,235.0,300.0
261.0,240.0,300.0
270.0,246.0,300.0
279.0,251.0,300.0
288.0,257.0,300.0
297.0,263.0,299.0
306.0,268.0,299.0
315.0,273.0,298.0
324.0,278.0,297.0
333.0,281.0,296.0
342.0,284.0,294.0
351.0,286.0,293.0
360.0,288.0,291.0
369.0,290.0,289.0
378.0,291.0,287.0
387.0,293.0,285.0
396.0,294.0,283.0
405.0,294.0,280.0
414.0,294.0,278.0
423.0,294.0,276.0
432.0,293.0,274.0
441.0,291.0,272.0
450.0,289.0,270.0
459.0,287.0,268.0
468.0,285.0,267.0
477.0,282.0,266.0
486.0,280.0,266.0
495.0,278.0,266.0
504.0,275.0,266.0
513.0,273.0,267.0
522.0,271.0,268.0
531.0,269.0,270.0
540.0,267.0,272.0
549.0,266.0,275.0
558.0,265.0,278.0
567.0,264.0,282.0
576.0,264.0,286.0
585.0,264.0,291.0
594.0,264.0,297.0
603.0,264.0,303.0
612.0,264.0,309.0
622.0,265.0,316.0
631.0,266.0,323.0
640.0,267.0,331.0
649.0,267.0,338.0
658.0,268.0,346.0
667.0,268.0,354.0
676.0,268.0,362.0
685.0,267.0,369.0
694.0,266.0,376.0
703.0,265.0,382.0
712.0,263.0,389.0
721.0,260.0,394.0
730.0,257.0,400.0
739.0,254.0,404.0
748.0,251.0,408.0
757.0,247.0,412.0
766.0,244.0,414.0
775.0,241.0,415.0
784.0,238.0,416.0
793.0,236.0,416.0
802.0,234.0,415.0
811.0,233.0,413.0
820.0,231.0,411.0
829.0,230.0,408.0
838.0,230.0,405.0
847.0,230.0,402.0
856.0,230.0,398.0
865.0,231.0,395.0
874.0,232.0,391.0
883.0,234.0,388.0
892.0,237.0,384.0
901.0,239.0,381.0
910.0,243.0,379.0
919.0,246.0,377.0
928.0,250.0,375.0
937.0,254.0,374.0
946.0,258.0,374.0
955.0,262.0,374.0
964.0,267.0,375.0
973.0,271.0,376.0
982.0,275.0,379.0
991.0,279.0,381.0
1000.0,283.0,385.0
1009.0,286.0,389.0
1018.0,289.0,393.0
1027.0,292.0,397.0
1036.0,295.0,402.0
1045.0,298.0,407.0
1054.0,301.0,412.0
1063.0,304.0,416.0
1072.0,308.0,420.0
1081.0,311.0,424.0
1090.0,315.0,427.0
1099.0,319.0,429.0
1108.0,324.0,432.0
1117.0,328.0,433.0
1126.0,333.0,435.0
1135.0,337.0,435.0
1144.0,341.0,435.0
1153.0,345.0,434.0
1162.0,349.0,433.0
1171.0,352.0,431.0
1180.0,355.0,429.0
1189.0,357.0,426.0
1198.0,360.0,423.0
1207.0,361.0,420.0
1216.0,362.0,417.0
1225.0,362.0,414.0
1234.0,362.0,411.0
1243.0,362.0,408.0
1252.0,360.0,405.0
1261.0,358.0,403.0
1270.0,356.0,401.0
1279.0,354.0,399.0
1288.0,351.0,398.0
1297.0,347.0,398.0
1306.0,344.0,398.0
1315.0,341.0,399.0
1324.0,337.0,400.0
1333.0,335.0,402.0
1342.0,332.0,404.0
1351.0,330.0,407.0
1360.0,328.0,410.0
1369.0,327.0,413.0
1378.0,326.0,416.0
1387.0,325.0,419.0
1396.0,325.0,422.0
1405.0,325.0,424.0
1414.0,325.0,427.0
1423.0,327.0,429.0
1432.0,328.0,431.0
1441.0,330.0,433.0
1450.0,333.0,433.0
1459.0,336.0,433.0
1468.0,339.0,433.0
1477.0,343.0,432.0
1486.0,346.0,430.0
1495.0,350.0,428.0
1504.0,353.0,425.0
1513.0,356.0,423.0
1522.0,359.0,420.0
1531.0,362.0,417.0
1540.0,364.0,415.0
1549.0,366.0,412.0
1558.0,368.0,409.0
1567.0,370.0,407.0
1576.0,371.0,406.0
1585.0,371.0,405.0
1594.0,372.0,405.0
1603.0,372.0,405.0
1612.0,372.0,406.0
1621.0,372.0,407.0
1630.0,371.0,409.0
1639.0,371.0,412.0
1648.0,370.0,416.0
1657.0,369.0,419.0
1666.0,369.0,423.0
1675.0,369.0,428.0
1684.0,369.0,432.0
1693.0,370.0,437.0
1702.0,371.0,441.0
1711.0,372.0,445.0
1720.0,374.0,449.0
1729.0,377.0,453.0
1738.0,379.0,455.0
1747.0,382.0,457.0
1756.0,386.0,458.0
1765.0,389.0,459.0
1774.0,393.0,459.0
1783.0,396.0,458.0
1792.0,400.0,456.0
1801.0,404.0,454.0
1810.0,407.0,451.0
1819.0,410.0,448.0
1828.0,413.0,444.0
1837.0,416.0,439.0
1846.0,418.0,435.0
1855.0,420.0,430.0
1864.0,423.0,425.0
1873.0,425.0,421.0
1882.0,426.0,416.0
1891.0,428.0,412.0
1900.0,429.0,408.0
1910.0,431.0,405.0
1919.0,432.0,403.0
1928.0,432.0,402.0
1937.0,433.0,402.0
1946.0,433.0,402.0
1955.0,434.0,403.0
1964.0,434.0,406.0
1973.0,434.0,410.0
1982.0,435.0,414.0
1991.0,435.0,419.0
2000.0,435.0,425.0
2009.0,436.0,432.0
2018.0,436.0,440.0
2027.0,436.0,448.0
2036.0,436.0,457.0
2045.0,435.0,466.0
2054.0,435.0,476.0
2063.0,434.0,485.0
2072.0,433.0,495.0
2081.0,432.0,505.0
2090.0,431.0,513.0
2099.0,429.0,522.0
2108.0,428.0,530.0
2117.0,427.0,537.0
2126.0,426.0,544.0
2135.0,425.0,549.0
2144.0,425.0,554.0
2153.0,424.0,558.0
2162.0,423.0,560.0
2171.0,422.0,562.0
2180.0,422.0,562.0
2189.0,421.0,561.0
2198.0,421.0,558.0
2207.0,420.0,554.0
2216.0,420.0,549.0
2225.0,420.0,543.0
2234.0,421.0,536.0
2243.0,421.0,528.0
2252.0,421.0,520.0
2261.0,421.0,511.0
2270.0,421.0,501.0
2279.0,421.0,492.0
2288.0,422.0,482.0
2297.0,423.0,473.0
2306.0,424.0,463.0
2315.0,426.0,454.0
2324.0,428.0,445.0
2333.0,431.0,437.0
2342.0,435.0,430.0
2351.0,439.0,424.0
2360.0,444.0,419.0
2369.0,450.0,414.0
2378.0,455.0,411.0
2387.0,461.0,409.0
2396.0,467.0,407.0
2405.0,472.0,407.0
2414.0,478.0,408.0
2423.0,482.0,410.0
2432.0,486.0,412.0
2441.0,490.0,415.0
2450.0,493.0,419.0
2459.0,495.0,422.0
2468.0,496.0,427.0
2477.0,496.0,431.0
2486.0,496.0,436.0
2495.0,494.0,441.0
2504.0,491.0,446.0
2513.0,488.0,450.0
2522.0,484.0,454.0
2531.0,480.0,458.0
2540.0,475.0,462.0
2549.0,470.0,464.0
2558.0,466.0,466.0
2567.0,462.0,468.0
2576.0,460.0,468.0
2585.0,458.0,469.0
2594.0,457.0,469.0
2603.0,456.0,468.0
2612.0,456.0,467.0
2621.0,457.0,465.0
2630.0,458.0,463.0
2639.0,461.0,461.0
2648.0,464.0,458.0
2657.0,468.0,454.0
2666.0,473.0,451.0
2675.0,478.0,447.0
2684.0,483.0,443.0
2693.0,489.0,439.0
2702.0,494.0,435.0
2711.0,500.0,430.0
2720.0,505.0,426.0
2729.0,511.0,423.0
2738.0,516.0,419.0
2747.0,520.0,415.0
2756.0,524.0,411.0
2765.0,528.0,407.0
2774.0,530.0,404.0
2783.0,533.0,401.0
2792.0,535.0,398.0
2801.0,536.0,396.0
2810.0,537.0,394.0
2819.0,538.0,393.0
2828.0,538.0,392.0
2837.0,538.0,392.0
2846.0,537.0,393.0
2855.0,537.0,394.0
2864.0,536.0,395.0
2873.0,535.0,398.0
2882.0,534.0,401.0
2891.0,533.0,404.0
2900.0,532.0,408.0
2909.0,531.0,412.0
2918.0,531.0,416.0
2927.0,531.0,420.0
2936.0,531.0,423.0
2945.0,532.0,427.0
2954.0,534.0,431.0
2963.0,535.0,434.0
2972.0,538.0,437.0
2981.0,540.0,440.0
2990.0,543.0,442.0
2999.0,546.0,443.0
3008.0,550.0,444.0
3017.0,554.0,444.0
3026.0,558.0,444.0
3035.0,562.0,443.0
3044.0,567.0,441.0
3053.0,572.0,439.0
3062.0,577.0,436.0
3071.0,581.0,432.0
3080.0,586.0,428.0
3089.0,591.0,424.0
3098.0,596.0,420.0
3107.0,601.0,417.0
3116.0,605.0,413.0
3125.0,610.0,410.0
3134.0,614.0,407.0
3143.0,617.0,405.0
3152.0,620.0,404.0
3161.0,623.0,404.0
3170.0,624.0,404.0
3179.0,626.0,405.0
3188.0,627.0,407.0
3198.0,627.0,410.0
3207.0,627.0,413.0
3216.0,627.0,417.0
3225.0,627.0,421.0
3234.0,626.0,425.0
3243.0,625.0,430.0
3252.0,624.0,435.0
3261.0,623.0,439.0
3270.0,622.0,444.0
3279.0,620.0,448.0
3288.0,619.0,451.0
3297.0,619.0,454.0
3306.0,618.0,456.0
3315.0,618.0,457.0
3324.0,618.0,457.0
3333.0,618.0,457.0
3342.0,619.0,456.0
3351.0,619.0,454.0
3360.0,621.0,451.0
3369.0,623.0,448.0
3378.0,625.0,444.0
3387.0,628.0,440.0
3396.0,631.0,436.0
3405.0,635.0,432.0
3414.0,639.0,428.0
3423.0,643.0,424.0
3432.0,648.0,421.0
3441.0,653.0,418.0
3450.0,657.0,417.0
3459.0,662.0,415.0
3468.0,666.0,415.0
3477.0,670.0,416.0
3486.0,673.0,417.0
3495.0,675.0,420.0
3504.0,677.0,423.0
3513.0,678.0,428.0
3522.0,680.0,433.0
3531.0,681.0,439.0
3540.0,683.0,445.0
3549.0,685.0,451.0
3558.0,687.0,457.0
3567.0,689.0,463.0
3576.0,693.0,469.0
3585.0,697.0,474.0
3594.0,702.0,476.0
3603.0,702.0,476.0
3612.0,714.0,473.0
3621.0,722.0,465.0
